$ANSIBLE_VAULT;1.1;AES256
65333066333231363034656635363834353331393331666665353935363538653933316435323939
3963383938646135303430306637366537633435653766380a616637653939353065346636313062
33346439393262313262316537363438333634346332303938656131313563306464643764656439
6132363535346530380a396466663264386534306262653262623135306361373836353632373232
64366265623162323966313861313532363738353930613662633734393836343561333962613061
64386630383039343635343266656534653863343832353230323666623531376262303532333837
61633539636433636363316133613564663138306439393563386235386236636135623662373165
62663362663136646237323136323862323065383934386638343633356134346330393133373635
61663032336565373266373063323938383937393062313163666631633734313261373833393030
37383931383066373233383839326463613461343165616631343538313733316538633035336431
31353037616239663034303432383137333032643365653461363431666534623931666637313138
36613564643039356564383061303761656165343730363264623462343434333164393030316535
61376332666363396233336466646664383466656233323565326331333466343434303830363762
31363764343664383461346337336438303334343030316565336465343261623931623762383032
33623831313135666432373335636163383961343336323433613539356132303662336337616666
32663063656130373266316632333636323331323866626238326437373534623839623934323962
3664
